3.640233071571804535e-01 5.751947243964260215e-02
-1.009166013658334138e-01 6.211905795976152556e-01
2.850202629956192779e-01 7.228313535124039069e-01
-6.228502380881341116e-01 -1.545150876521899676e-02
-7.230162013033730739e-01 -1.025828973732480359e-01
-1.111843898612875359e-01 2.802301377097243251e-01
2.037678711040107407e-02 2.787961477705004909e-01
3.145879911600139578e-01 9.637134018584837536e-01
-1.410049508596185053e-01 -4.208381454120920240e-01
1.100519383992797084e-01 -3.587905355348790515e-01
6.627530036423837645e-01 -1.266589575071445650e-01
-2.529334410067340944e-01 -2.107787982716469999e-01
3.212860390205684036e-01 -7.054659555022409212e-02
-2.869621257435330808e-01 7.447680188531690115e-01
-3.828907928009673278e-01 1.590563184611272496e-02
2.917201794283518224e-01 -7.295552401949402244e-01
2.147790256103562778e-01 -4.718584971912145876e-01
3.679596457322281133e-01 -4.305106202519582426e-01
3.098157295841537651e-01 4.945435816004017937e-01
3.852461259232383695e-01 1.123922218675599410e-01
-1.034409263301214604e-01 -2.577826712492679584e-01
6.578667131854859518e-01 -3.128237724462064051e-01
-4.637900475322618843e-01 2.975620337700098372e-01
-3.560432022628749471e-01 -4.248813126550918806e-01
-6.455994525640044168e-01 -2.159638456074455815e-01
-3.699128323861566175e-02 1.087139255634376744e-01
4.254370859347333389e-01 2.356359149040419543e-01
-8.536065158743490200e-02 -8.863580104632061418e-02
2.281493559447171915e-01 5.691106780892528638e-01
5.648942731358088526e-02 -2.098016960714035595e-01
-4.440231741951319311e-01 -6.463154425332587882e-01
2.979648556071617937e-01 2.584798536786037659e-01
2.582048179734803273e-01 -5.753825359813686396e-02
6.292003463440695166e-01 -2.165043726113032307e-01
4.272093902419365485e-01 -1.732634936835084072e-02
-2.720627327973953458e-01 2.649876091782710774e-01
1.831948414833163008e-01 1.596430711673029468e-01
3.634881536431572996e-02 -1.694630131915765558e-02
1.068112426322988640e+00 5.296156722928984095e-01
3.232580146305413793e-01 4.999810351400588160e-02
1.450414392912508843e+00 1.231654306400217891e+00
1.011719121707264080e+00 8.642419066323113741e-01
9.638126664855850567e-01 -4.178574926076252805e-01
1.094183558557607183e+00 7.815468558981205627e-01
1.712263676377000277e+00 1.008650931459330380e+00
4.682793942318448366e-01 9.776929169282724263e-01
5.321604282208801662e-01 1.211714232517115297e+00
1.130115616907497511e+00 1.428358905340281648e+00
6.463069103208246569e-01 1.015208882990298100e+00
3.895436949314464714e-01 1.313718003649010591e+00
1.232046246205934503e+00 1.221730746120672118e+00
1.000724052834364830e+00 1.185492075805566481e+00
1.717482261027883705e+00 8.725019722518516652e-01
1.062004011105739165e+00 5.142695525760186959e-01
6.117018935313589534e-01 1.043743434491949174e+00
1.493694090613580716e+00 8.853877311287614571e-01
8.944949206884538206e-01 8.180353868493190905e-01
7.608495465141227321e-01 1.131915245277398618e+00
3.304060251098581702e-01 1.572853593699321095e+00
7.024141015276790245e-01 1.322845053326742626e+00
4.320393609795812884e-01 1.299114399596235536e+00
1.300502764037530623e+00 1.171820390020290592e+00
5.552780452982066794e-01 1.111601343120661278e+00
4.709211899464714746e-01 8.869608358781618795e-01
1.460367534132992473e+00 1.356295933347051896e+00
1.006790018323776348e+00 5.640532462645431178e-01
1.288715601972012958e+00 1.008667552996173278e+00
-3.767668137926349914e-02 1.350002698572517534e+00
9.891627472359818540e-01 1.537752546023921418e+00
5.101801332232048791e-01 -4.206651341378100373e-01
1.124810095736551219e+00 1.130391240166132238e+00
2.439086626083526443e-01 5.624016998979189941e-01
2.232170833554258937e+00 8.633267784213272122e-01
1.326894791988176392e+00 7.090160791552031494e-01
6.518812491989489644e-02 9.238581972868838976e-01
8.812180296132655632e-01 8.211690151229272816e-01
9.487310597620669528e-01 1.118184363939204617e+00
9.328656584842932586e-01 4.347192568981357308e-01
1.217428448711812328e+00 1.282144483361948861e-01
8.305226946778143660e-02 1.330571566758925739e+00
2.226746358893020084e+00 1.974332012420207727e+00
1.375936456853444234e+00 1.683412602927389479e+00
1.882496082261198245e+00 1.286294520277273978e+00
1.669496336667921188e+00 2.291730995989696318e+00
2.638310363840157713e+00 1.812423076185934123e+00
2.338311876887548380e+00 1.144006313829675436e+00
2.294915560595327975e+00 1.640463338853231923e+00
2.137449138309123420e+00 1.889201750245210309e+00
2.590507096863944980e+00 1.608940489672568308e+00
2.280674068891042960e+00 1.875000462370084664e+00
1.929203637991958820e+00 1.917778039393604805e+00
1.621803490321576113e+00 1.993694750764046120e+00
1.971982863333220148e+00 2.107885918869276232e+00
2.037791850043552788e+00 2.356874011721457940e+00
2.413005608657734058e+00 1.530146966729279523e+00
2.388526873660687944e+00 1.469454220959628188e+00
2.262897145369897611e+00 2.277155610177744371e+00
1.145233100739807997e+00 2.041581583147294321e+00
1.790482168666377216e+00 1.660669860858267954e+00
2.604119527801400658e+00 1.707665801212217227e+00
1.639377274200902290e+00 2.033851806280831287e+00
2.306605055480018596e+00 1.936652826552926143e+00
2.521616765413994266e+00 2.237459534909931325e+00
1.025874283944198551e+00 1.763215175551585912e+00
1.748736574645682218e+00 2.214376735525459772e+00
8.261461266893177502e-01 3.139951796799953065e+00
2.237482089201941360e+00 2.066579730766572975e+00
2.528413146786481214e+00 3.048113955566382316e+00
2.389409737695904035e+00 2.424322116330521748e+00
2.058446355736693878e+00 1.936707758980926730e+00
1.787217808764069327e+00 1.630551485899708108e+00
1.692757954314221269e+00 1.396013011262261516e+00
1.966069255743353006e+00 1.246593755566384409e+00
2.085380465202663292e+00 1.983752458150684683e+00
2.065711463097369638e+00 1.766495663247321213e+00
3.376013788999754794e+00 2.608262322016299706e+00
1.443423673784604455e+00 2.104141774655381880e+00
1.728091386730938206e+00 1.546310873857362767e+00
1.400701550843589605e+00 2.193293180309539459e+00
1.695277495171929383e+00 2.432824956022740182e+00
3.444432917304068198e+00 3.614433192119526517e+00
2.618801049587418550e+00 3.212589963934607162e+00
3.282842124213712687e+00 2.787941073404147208e+00
2.654853088028291896e+00 3.719799523973159161e+00
3.101739248547543237e+00 3.284413424417817140e+00
2.632356430976166450e+00 2.454719409789361428e+00
2.745334318892743042e+00 2.944535949426426491e+00
2.524066344348223634e+00 2.995597267726453072e+00
2.244877523823553211e+00 2.499099565066788209e+00
3.300040631603266217e+00 3.270023329502267373e+00
2.824747382758446168e+00 2.544841963966165466e+00
2.540531163692626215e+00 2.833069365646622373e+00
3.288237432014900374e+00 3.415124093133439676e+00
2.777944257295274610e+00 2.484142504793375839e+00
3.119783316321991684e+00 2.631703964766461734e+00
2.768230373997540461e+00 3.592681485434475075e+00
3.369897264702385709e+00 3.070648260178604705e+00
2.431180530327664346e+00 3.094539419014902926e+00
3.475234787797333968e+00 2.832011517742165196e+00
3.604236590113612415e+00 3.578133268991071425e+00
3.744043941814210630e+00 3.136508876117734879e+00
3.262689554037078832e+00 3.632443781924882487e+00
3.200080651201498316e+00 2.775841292467925658e+00
2.799405545340625245e+00 3.106685018601480053e+00
2.422843386277893085e+00 2.935932665372555039e+00
3.490390779378869102e+00 2.020041486567245137e+00
3.686241257973857266e+00 3.501941009842695962e+00
2.794387013070795955e+00 3.243011765894250775e+00
3.001407706267430253e+00 3.550068415099781660e+00
3.439469261515343934e+00 2.373869337931099999e+00
3.262631735427297563e+00 2.908040428237264052e+00
3.037043851685903295e+00 2.674351626025249562e+00
3.781790664108287459e+00 3.465129786020860525e+00
2.669164277912460470e+00 2.403143991891294018e+00
2.827521956014467985e+00 3.194315490612738451e+00
3.107423319131292327e+00 3.560418036203624848e+00
3.353262839112826743e+00 3.433604450092348603e+00
3.146174178915572828e+00 2.378686719638817060e+00
2.912480956251733755e+00 3.474086544137169774e+00
2.976958245883805532e+00 3.224988852613625223e+00
3.857451419879222687e+00 3.539454140525143622e+00
3.944838857634362039e+00 4.138210218178701716e+00
3.706767537454480177e+00 3.894586726687878198e+00
3.579859265711401672e+00 4.500541543828893154e+00
3.868315381933391528e+00 4.649692030718381552e+00
4.683676822853231947e+00 3.963755142716026025e+00
3.549008016440124536e+00 3.067158110253142667e+00
3.341685007862454260e+00 3.385602388334015167e+00
4.616470358384547445e+00 4.051798330101060941e+00
4.174236440042228047e+00 3.006997537070478010e+00
3.464253125901502806e+00 4.396714136319842758e+00
4.128249281894925460e+00 3.934167798042440545e+00
4.252605182080237078e+00 4.731551018392941010e+00
3.901146805123427264e+00 4.031023118865837418e+00
4.086131960508040173e+00 5.069783950820974994e+00
3.061139336753807338e+00 4.305546620972023675e+00
3.948658873560978666e+00 4.253468021494544615e+00
3.706014056545029245e+00 3.978102172496026157e+00
4.318152483119472862e+00 5.392135763477313048e+00
4.361364769556585586e+00 3.620733534684954069e+00
3.810488908974707822e+00 3.797227046339249235e+00
3.196963960533179439e+00 3.852379178529929948e+00
4.327731128568435892e+00 3.430146072526135903e+00
4.468895696195662737e+00 4.218139531531475583e+00
3.671640876145453980e+00 3.936706022016336348e+00
4.714791242361138224e+00 4.328052555149090708e+00
4.003928169888631317e+00 3.893704789231521968e+00
4.034260617844596553e+00 3.771132379206771468e+00
3.058727405920640408e+00 4.913289726020828141e+00
4.069463451362992146e+00 4.178056869973924670e+00
3.974102866970235404e+00 3.671245772435530963e+00
3.916852044383436926e+00 3.284728917775281865e+00
5.018344040058826394e+00 3.447909450497681938e+00
3.538490647765972774e+00 3.803110098254407045e+00
4.576044976187445990e+00 4.006488621727357646e+00
3.447183266131014445e+00 4.560957168287813168e+00
4.326913418617458262e+00 4.240795433159635586e+00
4.320086083416445177e+00 5.070791194487590303e+00
4.977204144517703099e+00 3.692891562370509639e+00
4.726223446313499110e+00 4.171358023823287908e+00
5.223202434433948937e+00 4.243193476821082832e+00
4.923801169238732456e+00 4.636494239658399685e+00
5.370319159893870875e+00 5.479001761655032610e+00
4.072261500146407087e+00 4.990145709242297833e+00
5.501711717212030450e+00 4.916514630059602986e+00
5.326047174029811870e+00 5.157045971392932415e+00
5.152795100770883430e+00 4.878664253145084118e+00
4.455928524366239429e+00 4.498436470308455171e+00
5.317232088466498752e+00 5.008701996412757040e+00
4.938055441068433637e+00 4.810430610076391389e+00
4.863515399106072223e+00 5.468193187784353704e+00
4.850074288777717513e+00 4.400257627766285040e+00
5.332571184339248482e+00 4.908376370519023091e+00
5.014040657908745757e+00 5.718930874452658131e+00
4.990805039221796413e+00 5.129326870215309420e+00
4.472769386637112987e+00 4.901760834392620225e+00
5.272588334228608176e+00 4.304415720142663382e+00
5.089820656230799933e+00 5.045075137991781311e+00
5.018464311462303762e+00 5.463831560173729507e+00
5.149565450699073565e+00 5.661013848071434040e+00
4.555653260280129402e+00 5.060787314422492855e+00
5.037774695241775014e+00 4.521814853343303575e+00
5.427668126243911040e+00 6.039625507473211918e+00
4.992394652284746215e+00 5.225852296690212562e+00
5.037797811455548391e+00 4.680875234077161551e+00
4.185731249620658012e+00 4.684368503016393070e+00
4.377497287668275838e+00 5.762097617427768270e+00
4.948521379903688455e+00 4.845300173103881392e+00
5.397641678935894305e+00 4.498337656035775289e+00
4.657047976304367509e+00 5.030442844284516823e+00
5.460079479593360041e+00 5.224360372858492418e+00
5.111054379837566941e+00 5.034935313247212996e+00
5.178990915998130440e+00 5.090181920745865618e+00
4.539382395731736075e+00 5.020607254384400697e+00
4.519831834397863624e+00 5.036261215542957359e+00
4.785047705917389926e+00 6.135645985871240882e+00
4.982158689202141666e+00 4.372004974628853624e+00
4.939992785538231068e+00 5.232264291991068461e+00
5.748351106938867972e+00 4.736388872847326681e+00
4.292316696117174146e+00 5.365300616819489221e+00
