5.515959661171729866e-01 -3.438623422337435450e-03
-1.734633230140723847e-01 5.840932462759852450e-01
-2.198331821595867486e-01 -6.317901660933243901e-01
-2.311409529471145641e-01 2.768399497767910500e-01
6.225386551725359263e-01 4.969856749201738422e-02
5.895156500152282097e-01 -6.073942899518676164e-01
-1.982334478549834522e-01 -1.290547157143071832e-01
-5.123253345840217410e-02 3.760815373073979340e-02
3.089847734256807588e-01 -1.989236654011928840e-01
6.217551896994538696e-02 -2.017957002116940041e-02
-4.140705529562716536e-01 -5.083328871268452676e-02
-6.424649489312390938e-02 -7.382627302217677212e-02
1.420326076891539023e-02 3.384223618192450100e-02
-1.933282813658874499e-01 5.691753322250617808e-01
-5.230076370534342267e-01 -3.224276344568169916e-01
1.243237527748110471e+00 -4.642038459626067204e-01
-6.054174955018271076e-01 3.284679859431003934e-01
-9.289162380905610084e-01 -1.052176912061078135e-01
9.596420800568842280e-01 -6.909163485632653368e-01
-8.863614638204350138e-01 -6.704542156334507563e-01
4.017586126122456025e-01 5.030154410795045772e-01
-2.292366789097568802e-01 3.055418756834878402e-01
6.217410836796084528e-01 7.993256164011200982e-01
-1.101644867949330281e-01 -1.029249441800658804e+00
-3.671082143609670223e-01 -1.908726385914615020e-01
-1.158009502322542572e-01 -8.401327817357787109e-02
5.003848761260544231e-01 5.699417189063078482e-01
-7.677479202431782002e-02 4.912573710214594436e-01
1.599510257425181547e-01 2.884794805509341073e-02
4.054188719806256502e-01 3.231209827471472756e-02
9.202811353698909791e-01 -6.432770297094845269e-01
-2.303914300798872716e-01 -5.658097080546478641e-02
1.965292177518480066e-01 5.670491683892504575e-01
-1.091137097872908572e-02 -6.360404351823158997e-01
3.767836688923217325e-01 3.376278242605598168e-01
-8.684255930137922963e-01 -1.701260296680645557e-03
-7.111330454534213752e-01 -2.972410070668904947e-01
-4.037484262764926002e-01 3.619141754119869492e-01
5.224804225442863242e-02 -5.749337737904922641e-01
3.935774635712858127e-01 -6.412174577678058096e-01
1.147631375160630407e+00 6.359633618107961572e-01
8.364642371295913925e-01 1.225516734335699187e+00
1.233199260624704419e+00 1.597910746457208653e+00
9.632150272267556712e-01 1.137048992269900527e+00
8.042379181630376905e-01 1.081388349752356648e+00
1.196544135701953726e+00 9.560344996468761458e-01
1.933382606242051160e-01 1.148238291351733498e+00
1.163036849068910472e+00 6.958171740787273407e-01
4.256046555844766877e-01 1.660033221420301963e+00
1.219781113919399251e+00 8.975518485006651614e-01
4.915034361259286166e-01 6.324732357465088217e-01
1.582536134810487383e+00 1.061564291539101479e+00
7.537699781308377922e-01 1.227939953683587992e+00
6.357900584234807972e-01 1.671197407852740291e+00
1.604990791205430867e+00 7.913417320503528529e-01
7.188501184414821665e-01 -1.708647612849802933e-01
3.374169361309109494e-01 4.009709058776222967e-01
1.060458958469834068e+00 8.541038520635090281e-01
3.983476795193414688e-01 8.742596176441225220e-01
1.225993642739063860e+00 1.236056933522110102e+00
1.504416234326848567e-01 9.426388277214873268e-01
3.813511973288207235e-01 1.403265332813594668e+00
1.350680938255855112e+00 5.983900152585844845e-01
6.574141707190241934e-01 7.937151038609913112e-01
-7.479833976358207792e-03 1.150249534817913810e+00
8.779802094186752726e-01 1.433875486939640842e+00
5.087764643046699398e-01 7.231198002566137095e-01
3.262614226408253604e-01 5.508676061730561901e-01
4.714015817221146598e-01 1.445412969940239378e+00
6.877278080194419996e-01 1.055533054448307917e+00
8.297174291241599109e-01 4.322778740240993400e-01
9.247337626292452262e-01 1.267927155118722560e+00
4.598735795618423827e-01 1.361846240307984957e+00
6.199932515344219741e-01 7.840030218522789918e-01
1.237328707512469927e+00 7.033023307451973238e-01
1.016803987943997623e+00 8.592659829868154464e-01
1.057855131420677441e+00 -6.469889532851702540e-02
1.817414167999036323e-01 1.275468819483550842e+00
1.463841625606012276e+00 5.928179676587641556e-01
8.908672032216170544e-01 1.131802456753499664e+00
2.310016336101646584e+00 1.093195156822534653e+00
1.603750755391129212e+00 1.851265979748191182e+00
2.314453855746483324e+00 3.117332079731788497e+00
1.898032739118844958e+00 1.370780550385069407e+00
2.179899753160047027e+00 2.590767276680806752e+00
2.048305383408009828e+00 1.594534444266742845e+00
2.428427915036455609e+00 2.296746621826928347e+00
1.541122696393642633e+00 2.170578721833325009e+00
2.445990720181030920e+00 2.528557295418361051e+00
1.970283114834570304e+00 1.839862003399513224e+00
2.548853538635936999e+00 1.458799770329880729e+00
2.196138621604605046e+00 1.387305466045672508e+00
2.476450753277559258e+00 1.884598537160891984e+00
2.567327670004875273e+00 2.219766465644299913e+00
1.452959282825718734e+00 2.637112890311214652e+00
2.693737973101435035e+00 2.394570514616342294e+00
1.659407552588015422e+00 1.863146399198663206e+00
2.065037028779583839e+00 1.685291142124278441e+00
2.756840395503299845e+00 2.064544760346423757e+00
7.910259999653290741e-01 2.151764533176519834e+00
1.844299278769423678e+00 1.966491825439839580e+00
1.835148408056063163e+00 2.360922129706033434e+00
2.500739597284218352e+00 2.126585222411325304e+00
1.848255424006584713e+00 1.981513440009372795e+00
2.008765215000101634e+00 1.641142376734871622e+00
2.258904762465473670e+00 2.205737181735795360e+00
2.688906265496938897e+00 2.561409488852890881e+00
1.693356854760380559e+00 2.366848585446925224e+00
1.574720718393472385e+00 2.311230297085597130e+00
1.768963106686162190e+00 1.542387246867283235e+00
2.125240084610724001e+00 8.038972182121899568e-01
1.216939917737633881e+00 1.920623216485242146e+00
2.036869078876136552e+00 1.834835624911933749e+00
1.293654613987357038e+00 1.634227648547154965e+00
2.174954129826954574e+00 2.260180717439042031e+00
1.992744801249700437e+00 2.517351794613362781e+00
2.177721351702185171e+00 1.665727669516575471e+00
1.874555668148669252e+00 1.372619181829866086e+00
1.951638773293319140e+00 2.497346516479704626e+00
2.306471042744062672e+00 2.626997631568762870e+00
2.864545601096771144e+00 3.601994129006475642e+00
2.913551721864865218e+00 3.658112855860184531e+00
2.990225365390473566e+00 3.316283485529385455e+00
3.659690304209454403e+00 2.913496534753168721e+00
3.097666524337225447e+00 3.576397246494901427e+00
2.940519176845965976e+00 2.409279013072273656e+00
3.958381890062692143e+00 2.789914944865677260e+00
3.070997864347153161e+00 3.516981899067169959e+00
2.727873253472564041e+00 2.549267766738891439e+00
3.113474768803112802e+00 2.198111857083486775e+00
2.871244488197610245e+00 3.109584622104999863e+00
2.879273841608784856e+00 2.309747754220100813e+00
3.712938055660770509e+00 3.046303670099038907e+00
3.640030684291607255e+00 2.883708253596476645e+00
2.606446677585030347e+00 3.120381367187297528e+00
2.903497063372153075e+00 2.473289063730412352e+00
3.657307502981596681e+00 2.721712296247015939e+00
2.177007853377864954e+00 3.593973916411250080e+00
2.774471071144942069e+00 2.728172891552586243e+00
2.210494669753330310e+00 3.778572701776082177e+00
2.423326750266558527e+00 3.026139402421478941e+00
3.408136215769641542e+00 3.188597545891529883e+00
2.973321780646895895e+00 2.238991893175762637e+00
2.637880044830899884e+00 3.083986864412104012e+00
2.647965053876779606e+00 3.090945115284978950e+00
3.304884921064617398e+00 3.430444376237749005e+00
2.451635920664760437e+00 3.982369980287936428e+00
3.343227197150003605e+00 2.999233407174418442e+00
3.487255572746442933e+00 4.057842514539652612e+00
2.356584810688294507e+00 2.899259483719620167e+00
1.936333025737115854e+00 3.086156384594100466e+00
3.163409272706323883e+00 2.982486169545459198e+00
2.707283688338419037e+00 2.083429244186062235e+00
3.167049341598920265e+00 3.650890088566398184e+00
2.735688511404619216e+00 3.196800783093896925e+00
2.298704543332606320e+00 3.204471898123480322e+00
2.824074088219576950e+00 2.659036327037161307e+00
2.659955042124294344e+00 2.823971549168590833e+00
3.171029378149829103e+00 2.413182776910617555e+00
2.822404624741382761e+00 2.981453257049225147e+00
3.508494716801621838e+00 4.803493104750740983e+00
3.618305217618804637e+00 3.700618710893571972e+00
3.562487384253688383e+00 4.804304746204115517e+00
4.247266735252700265e+00 3.581143321371261568e+00
4.494721792893289880e+00 4.089755184685076372e+00
4.115047227409939445e+00 3.845945108906025922e+00
3.664850981947822550e+00 4.151053591596203240e+00
3.756229580012559577e+00 4.812477817247072132e+00
3.432355761088115909e+00 4.686990193640072633e+00
3.950216697382219255e+00 4.133755206474322819e+00
4.372599480433064123e+00 3.718143946719752346e+00
4.386503627526107785e+00 2.789149577461165652e+00
3.678010892125480158e+00 3.586746549461217182e+00
3.439415069226409827e+00 3.903869273992600863e+00
4.172512630234530562e+00 4.314239104342869169e+00
4.107723360659965017e+00 3.702292832064131733e+00
4.165029167958379297e+00 4.055582252463459270e+00
4.418617044452577858e+00 4.347456656393886121e+00
4.013629466647389066e+00 3.598736257041478481e+00
3.707991813128077130e+00 3.754126723708655522e+00
3.859008609269221068e+00 4.119875795497714321e+00
4.319835710418658437e+00 3.977139025499334402e+00
4.007211224373644853e+00 4.064088527916865701e+00
3.769280129976554594e+00 3.586152001211670104e+00
3.214944306266791507e+00 3.689119756164954023e+00
4.211597079350344330e+00 3.685648448476279260e+00
3.893649459757552389e+00 4.208594413097336506e+00
4.232859421834244351e+00 3.517218231722501365e+00
4.445898499726506969e+00 4.504166286847865130e+00
3.494715782978173646e+00 3.631568951422349478e+00
4.532671946976309485e+00 3.934325108747587230e+00
3.007285122908541108e+00 3.374043401713703982e+00
3.888478513318137875e+00 3.479871514646422970e+00
3.815111269068526934e+00 4.014488027202018472e+00
4.653940139006738086e+00 3.870105059796726810e+00
4.479655274510928820e+00 4.638960969171566973e+00
4.641442784291298196e+00 4.127346125543088107e+00
3.121990401188883713e+00 4.206087144953047030e+00
4.468858683350846128e+00 3.963745688301453018e+00
4.780201625187583403e+00 4.384529258555395437e+00
5.254139580223400330e+00 5.485844223940164355e+00
5.149087529813663799e+00 3.885181253665358270e+00
4.776778274858858531e+00 5.535389817883103802e+00
4.638834173100011782e+00 4.900060057437605643e+00
4.532734995350485185e+00 5.797794437893799113e+00
5.751986287687970822e+00 4.604721813453538815e+00
5.065873668363956028e+00 4.695673810183119912e+00
5.275011603054646336e+00 5.227937201539024414e+00
5.363005767168517401e+00 5.148438442412208715e+00
6.312753563811877910e+00 4.540298517149693680e+00
4.234994923388157417e+00 4.824204717988499702e+00
4.298774330057050008e+00 4.332550582082591362e+00
4.552198473269330137e+00 4.587584583871751498e+00
4.573081806297568441e+00 5.231754560084906913e+00
4.773625369989279221e+00 4.919718641526631409e+00
5.399913054298465909e+00 4.657290148379892969e+00
4.881691477465493811e+00 5.163572838470627424e+00
4.131704482977685444e+00 3.933437832414552915e+00
5.154788375076471141e+00 5.220035475449647855e+00
5.923147308410754874e+00 5.070702177866516003e+00
5.366598746329111158e+00 4.912581976240034898e+00
5.132924054445529016e+00 5.745619926820713097e+00
4.050121534989946426e+00 5.184974813705867547e+00
5.955063420059897084e+00 5.126129537226633559e+00
5.738158669522381850e+00 4.718607772276681267e+00
4.985667924908281812e+00 5.014992702693266580e+00
4.008263120051331896e+00 4.477574993423781180e+00
4.509462551934385388e+00 5.367639126495475921e+00
5.390038726219421150e+00 5.144913502615804823e+00
5.368550019564771070e+00 4.926590150937489199e+00
5.537520183480046043e+00 5.003930311028334188e+00
5.025877588699899867e+00 4.881223363540414972e+00
5.306095559045450827e+00 4.811634162802211456e+00
5.436673386955723331e+00 4.493687512138206941e+00
4.508549710569656810e+00 5.307426590802992727e+00
4.960401823435611313e+00 4.797013587815591507e+00
5.398045918742890414e+00 4.728424439598173379e+00
4.910467277240730510e+00 5.625753762475358855e+00
5.688325382456220325e+00 5.703197857172692231e+00
4.873829516914166327e+00 5.550387071130348460e+00
5.575615393933716746e+00 5.594420704626299035e+00
4.948844187083940582e+00 6.748129403368591461e+00
5.613616465255176102e+00 5.943412910063432086e+00
5.592890577975119015e+00 6.310887350172343702e+00
5.832011519999786842e+00 5.416468146960405683e+00
6.197517503327379274e+00 5.358816440628373812e+00
5.625500774689409234e+00 5.057770543728347334e+00
5.363186572802775665e+00 6.079840671892316806e+00
5.121432774910748442e+00 5.337611495032532183e+00
5.998940588498808957e+00 5.756891605459653505e+00
6.890865866335003531e+00 6.820143468122514818e+00
5.611853274817878656e+00 6.249159517514504714e+00
6.335089346307460900e+00 5.732799331667697729e+00
5.331173492243106438e+00 5.994499966265869340e+00
5.922701064299764617e+00 5.805120192518538502e+00
6.197810116962120475e+00 5.664263513202755895e+00
5.484811034739997204e+00 6.048783387377963727e+00
6.172611072853178449e+00 5.473788384011610830e+00
6.415054739091074154e+00 5.208216764610304139e+00
5.741459801520861106e+00 5.884615074857386219e+00
5.715472105922598800e+00 5.747297273948261953e+00
6.836769946681234167e+00 5.619473067187207960e+00
7.091747543919264984e+00 6.195489038852842079e+00
6.041168308941538001e+00 6.212981160760668864e+00
7.131418085098081505e+00 5.555651700248213309e+00
5.498933874009876988e+00 5.662413574109693037e+00
6.014374852324705145e+00 5.228211690262562605e+00
6.009990411536408672e+00 6.757377302682574971e+00
6.067711443546573769e+00 5.869107083541110548e+00
5.723550243148327610e+00 6.401826649991301466e+00
5.630676356198510923e+00 6.825733358367644499e+00
6.864624764170229376e+00 6.114822447817023665e+00
5.994850296058745087e+00 6.460925078581005288e+00
6.489608774529051161e+00 5.639549540009683781e+00
5.764517385680976602e+00 5.408628249235137631e+00
6.182939401865342077e+00 6.298125052621283082e+00
5.396294901834486346e+00 5.796428861109522046e+00
5.397489731467040919e+00 5.598044505226173584e+00
6.246422320685620200e+00 5.671976847726067028e+00
5.865466542583083864e+00 5.272244071145431477e+00
7.083624564014257885e+00 6.980200369447555175e+00
6.673999512819716706e+00 6.915470236332521559e+00
7.080630321760180479e+00 6.635579885267857136e+00
6.339795319795049622e+00 7.807477433984667314e+00
6.716791836794535620e+00 6.956727566352844505e+00
7.452061272372659140e+00 8.578241459151174197e+00
6.443448740194222424e+00 7.201168845604360769e+00
6.683572998489410999e+00 6.759045650669731842e+00
6.677911392563261828e+00 6.496591794557510902e+00
6.981533941633191631e+00 6.340582351750809309e+00
7.423425216066338983e+00 7.024598060786539477e+00
7.188918663096179884e+00 6.791514114670395230e+00
6.835781408299434148e+00 7.128602487965889800e+00
6.479420731337791395e+00 6.839901810671420002e+00
6.615569149718063535e+00 6.601725520175471651e+00
6.056451654486501468e+00 7.598965059630046426e+00
6.692970535752045258e+00 7.520277588548248460e+00
7.477978456893487724e+00 6.424883447436868344e+00
6.513247697912194489e+00 8.145091734741738421e+00
7.783037885943388190e+00 6.985904492329725102e+00
7.115100752305895782e+00 6.717876911929772099e+00
7.193354011841699425e+00 6.679266503550409517e+00
6.091103765740244924e+00 6.408982285060617734e+00
7.009432963605235045e+00 6.494171354858689682e+00
6.969912603019896125e+00 6.519396972611507302e+00
6.650120689364388049e+00 7.381547124236866431e+00
7.110676665526430185e+00 6.995677939396031775e+00
7.393084638711854062e+00 7.214934697059044666e+00
7.646922770598776786e+00 6.794344685876088086e+00
6.807861396500165974e+00 6.418126246838814275e+00
6.808153990983728754e+00 7.431458213261111112e+00
7.581372026853891555e+00 7.429461526997230614e+00
6.197613004343645926e+00 7.484397265002573185e+00
6.177789476092864440e+00 7.401650277701556035e+00
6.835521759502908523e+00 7.314182449282860432e+00
6.404110983520092226e+00 7.523762087955690347e+00
6.344843376477794727e+00 6.701057875887746818e+00
6.553638512866217347e+00 6.215459963438135560e+00
7.042274013375104502e+00 7.807707608181214454e+00
8.192676273331345627e+00 7.043449388866469540e+00
8.499395048050423895e+00 8.103795877524282432e+00
8.223107347266799039e+00 7.846986471533926810e+00
8.087241053217319120e+00 8.240367783991700890e+00
7.741304944797285259e+00 7.965343495514105143e+00
7.973869256397643213e+00 8.369578798876476711e+00
7.523255919607756859e+00 7.976949623568563297e+00
8.855074840430640748e+00 8.520583526216187309e+00
8.603371213426731501e+00 8.010926251090699779e+00
8.143554474602753501e+00 8.448213639651310558e+00
8.697767485260218479e+00 7.127216644341452856e+00
7.411716763405074460e+00 8.585601204694489397e+00
7.876171315650966065e+00 7.699597330663825900e+00
7.439122155669919856e+00 7.751788985339931770e+00
7.372841390541331918e+00 8.935165788238061069e+00
7.989966292524943725e+00 7.974083729857124325e+00
8.262995884331466812e+00 8.430373843259717503e+00
8.423014043433626696e+00 8.480138329742558767e+00
7.717877293025670049e+00 7.866789915175157688e+00
8.343921411683624001e+00 7.764144441516796391e+00
7.997716244730209034e+00 8.178332576843519774e+00
8.351145443792953316e+00 7.204996905166597188e+00
8.319643971954789663e+00 7.895475423733289588e+00
8.316384706539828642e+00 8.347454415595869648e+00
8.719081475741633724e+00 8.605282872095211033e+00
8.602205154834306811e+00 8.645628994150905910e+00
8.130308643452666573e+00 8.014393608495224086e+00
8.390335665981968560e+00 8.327396554487391356e+00
7.861781377020641060e+00 8.181042532195695216e+00
7.984304382899916952e+00 7.618109593691841930e+00
8.577111588002459541e+00 8.024685851720755991e+00
8.916210186055957720e+00 7.273057757386543365e+00
7.751000963098663377e+00 8.014596531509461386e+00
8.508652290124315343e+00 8.178648134413535331e+00
8.138847636701948218e+00 7.495872306254940831e+00
7.482600077962263008e+00 8.144228468693741618e+00
7.389953253861448523e+00 7.762137038926680610e+00
8.224017039788721561e+00 7.560691230248223427e+00
8.717937011985117834e+00 8.547360973169700671e+00
7.297239612502591122e+00 7.583030903995817695e+00
6.977769339977426988e+00 7.650014502947637851e+00
