-4.253825822645615484e-01 -1.528673652526146010e-01
-4.503116054955618175e-01 2.138813321684333163e-02
-2.523162021627491369e-01 -6.681540133499322964e-01
5.613182608957699715e-01 -2.225659185842377707e-01
-5.671280201388384512e-01 -7.524777250988441690e-02
3.057669384635923124e-02 -7.810436637672379945e-01
1.483173456544855662e-01 -4.683031013489673544e-01
7.651953457622235888e-01 2.343222645058356812e-01
-1.788407124171850493e-01 -3.332491578143091382e-01
-4.694298591091639050e-02 2.740483508325485817e-01
-1.140132090872539652e-02 -9.711637093415556587e-02
2.610398762704929307e-02 -2.700539238132403375e-01
-1.534863565403704055e-01 -9.327947360693331635e-01
4.354636087321094307e-01 1.336264296651017147e-01
-3.458999689706449554e-01 8.491400979134219318e-01
3.891495306403077586e-02 -4.633774922771972116e-01
3.831446226551665779e-01 1.780125740874529960e-01
1.764615340207189575e-01 -1.904036947604964003e-01
2.014678123881308014e-01 -1.170618661216971668e-01
2.486245754780030959e-01 -8.519170585058020162e-01
-1.940341113709410370e-01 7.701711732993844484e-01
-3.430429947205720365e-01 -2.700446961225012044e-01
-2.003344008131869025e-01 -5.432778198661706304e-01
-9.875731858104747074e-01 -1.031213723571310914e-01
6.075818152611134337e-02 -2.348098048314236144e-02
-6.479166259957785945e-02 1.924846260645118878e-02
4.574286121186851295e-01 -8.517012355865853646e-02
-2.567375334130795883e-01 -1.257231388834701702e-01
2.590917474720780267e-01 6.314776172959090106e-01
-2.809144200846359629e-01 4.424453461361418233e-02
1.513180481723487569e-01 -4.438943792033783198e-01
9.130834759212972870e-03 -6.554692755722507647e-01
-7.911433469555891884e-01 1.640139797101903829e-01
-1.716740032921556802e-01 9.046254839148250293e-02
-8.002877009293307697e-03 -4.366593764092707164e-01
-2.023833909331172395e-02 -5.514596682313837039e-01
6.220617494628610800e-01 -6.064083733161422796e-01
-8.755783497579279484e-02 -4.661180243780609356e-01
2.551001038879862071e-01 -1.482206152122823861e-01
-2.319548085479699595e-01 3.815633306486250209e-01
1.013161760721809301e+00 1.231050420262107536e+00
5.611376995726611305e-01 3.717467634869168203e-01
1.047944858170191118e+00 8.574075749471434804e-01
1.280150102213966967e+00 9.642638535739429528e-01
1.091712479807492420e+00 2.740012619131584337e-01
1.844534673639828704e+00 9.265487513417747234e-01
1.311970377179315639e+00 6.260884379935156563e-01
1.137746215820207407e+00 4.173501089258061514e-01
1.202170883358000930e+00 8.408035498170063349e-01
1.013054390219480849e+00 1.312143475580076935e+00
4.487912158205413782e-01 6.938859920626624378e-01
1.204521636054245892e+00 1.938353169787274233e+00
9.382477026410103171e-01 1.264364108726649061e+00
9.521609043486737312e-01 1.868598635774918915e+00
2.186187161810380086e-01 1.042315817596545680e+00
2.730346081072063669e-01 -1.209728844377013779e-01
1.133029074299618300e+00 1.062385310979425235e+00
8.726170489411124720e-01 9.525085591724756773e-01
2.385601629846491711e+00 8.845405682522643476e-01
1.228134549746765281e+00 7.095952242292946632e-01
1.132032021392619381e+00 8.934586616092086153e-01
8.164105533192500541e-01 1.813436152434903192e+00
1.526453119954153781e+00 1.061154959855974855e+00
-3.047490466742019954e-02 8.385517672605713457e-01
2.208830675813091560e+00 8.968449667180433682e-01
1.493373897016850416e+00 1.644856246081068285e+00
1.097923640094700781e+00 6.235259212426016440e-01
-8.910478406201205459e-02 1.305967088430798340e+00
6.356300385221071991e-01 1.078776876937637130e+00
4.410633522032620935e-01 8.813821658647552626e-01
1.015079619779160502e+00 1.120118701107029713e+00
5.014363612509991075e-01 1.535274848888830146e+00
7.330605371848417651e-01 2.511544920358295130e-01
9.512432443644374125e-01 1.015373105546145460e+00
1.071817777808042882e+00 1.609164129799004472e+00
8.942568655715738002e-01 9.465044776936873960e-01
5.066409463693519744e-01 1.366962682326581469e+00
1.082425519229600841e+00 8.121578898671018010e-01
1.482035820775297053e-01 1.645960771134572287e+00
4.509648289723461323e-01 7.355724354897161810e-01
2.160256537225973883e+00 1.464883026519349762e+00
1.332082122153066983e+00 1.050141764886991513e+00
2.322439639653443244e+00 1.756185299278821610e+00
3.309114983054492143e+00 1.555310895895620549e+00
1.587914574735236117e+00 1.747148576888264859e+00
2.108733123315126079e+00 1.789718674245736052e+00
2.273843291064513217e+00 1.562361967598658863e+00
1.382133400072936169e+00 1.195813920907833117e+00
1.005587401495978916e+00 1.768312491083422033e+00
1.865397512319926676e+00 1.717612776607439828e+00
2.556067977225562338e+00 2.549191805421421098e+00
1.850271552200817071e+00 1.197734088926135199e+00
1.746561771038507738e+00 1.731751717768554411e+00
1.706120310790900430e+00 1.687970620339376282e+00
1.707762508877094909e+00 1.827133334143999255e+00
1.715777380110700800e+00 2.093164658106021925e+00
2.161161789145515932e+00 1.592747136336746028e+00
2.568437694558931561e+00 1.561702814179893872e+00
1.276497570693604144e+00 2.170289130382704545e+00
1.634443969217650228e+00 2.143685913840881252e+00
9.250467225114775704e-01 2.622725228165921685e+00
2.300658752240668736e+00 1.328966487485444770e+00
1.338670765501615900e+00 2.747860047603443157e+00
1.670233682107265860e+00 1.626941194486694720e+00
9.865906953852900951e-01 1.843127217449905597e+00
1.898160692283437312e+00 2.319978240361680655e+00
1.374313105745191166e+00 1.320107077450979549e+00
2.201676621334522466e+00 2.450223374851384417e+00
1.297359307978359189e+00 2.483667803117958872e+00
2.016789221913010799e+00 2.488270191273623144e+00
1.968596499648399778e+00 8.720030236700675452e-01
1.932038120555727545e+00 2.474110728895034139e+00
1.600304629341798179e+00 1.826496791326869040e+00
1.921230702588962336e+00 7.032979725819832328e-01
2.747449358541531161e+00 1.596892541296965451e+00
2.226171761127886395e+00 1.961226073169228146e+00
2.562424339963733644e+00 2.181593818485833225e+00
1.894938671862896662e+00 1.600407902840975227e+00
2.356809680837269383e+00 1.162171578500326152e+00
2.288850977150560961e+00 1.508492245041787472e+00
3.560038279049482668e+00 3.072135348426682899e+00
3.288060906167227238e+00 3.036666512221329217e+00
2.216313138610223277e+00 2.615070216086299748e+00
3.300701653249021206e+00 3.074530747292480104e+00
3.528154741800904493e+00 3.180349867309527845e+00
2.567677771682256083e+00 2.643989294721381444e+00
3.046026056255370040e+00 1.965128033098750837e+00
3.748385962529684257e+00 3.197555146275779414e+00
3.548746553949068350e+00 2.293132428569328862e+00
3.556586460196455413e+00 3.997956651354960034e+00
2.409285241473638539e+00 3.344981370274034749e+00
3.000496382354410407e+00 2.309308185713066397e+00
3.220424413216174564e+00 3.372798686455598549e+00
2.731168033030470177e+00 3.521413719076137649e+00
2.254600744002043911e+00 2.331524729350593184e+00
3.061088212417176102e+00 3.011352641434745347e+00
2.679538593801908508e+00 3.362061638607747760e+00
3.237423155090999316e+00 3.383771459351394562e+00
2.944931712009064118e+00 3.269482088219922034e+00
2.800699125646310517e+00 3.918495640898639998e+00
2.636618484635464554e+00 3.941517633024870904e+00
3.015602364257466750e+00 2.384852829426617138e+00
3.611823685261254191e+00 3.056304812582546493e+00
3.380634268253285946e+00 3.547325005705336487e+00
3.151138318488377443e+00 2.735141842389328559e+00
3.436352287804873562e+00 3.000337873205196626e+00
3.306724941061629064e+00 2.036822406356533222e+00
3.199896300786720715e+00 2.714415737101583570e+00
3.739382547317341654e+00 3.278653133160015276e+00
3.107267644929779138e+00 3.217484440653713307e+00
2.553483676290958293e+00 3.725942460990413707e+00
3.890567924792479371e+00 3.175716263772778269e+00
3.711250098197780733e+00 2.745469187699331570e+00
2.643519976026732721e+00 3.018302104023994126e+00
3.194511545598992974e+00 2.823803799702168327e+00
3.240497245960195283e+00 3.137021541901421351e+00
2.553543637610118822e+00 3.232011290654856595e+00
3.386181570153809162e+00 3.076683410037523103e+00
3.515479902605868290e+00 2.455560472334939792e+00
3.209273790797308568e+00 2.476634557548067939e+00
3.501767670105104369e+00 3.717839153332336721e+00
3.578697878126411602e+00 3.754928819581832666e+00
3.904229069569415955e+00 4.374386867821178804e+00
3.856373311573112694e+00 3.290886626558408246e+00
4.509853840744995068e+00 3.625641911588477928e+00
3.973739426665245933e+00 4.199697196790947551e+00
4.089268492913159747e+00 4.489331969569596126e+00
4.214216718012457896e+00 3.614810646025098606e+00
4.974282622851015745e+00 4.086908566865450787e+00
3.934107447490817755e+00 4.431080554238500113e+00
4.111557854430253123e+00 4.178540275589347708e+00
5.114538566661675389e+00 3.876961956870976778e+00
3.857893008077199148e+00 4.052135495515129193e+00
4.479196494186697741e+00 3.326257499615509428e+00
3.120976682616666942e+00 3.737434068853032976e+00
3.269287438709165716e+00 3.810009645591966976e+00
4.224724695843615763e+00 3.601644998043290968e+00
3.361903756442718993e+00 4.031008521392482891e+00
4.385741173029813034e+00 3.241984834284058703e+00
4.366819079991972608e+00 4.365510445998237898e+00
4.426679828948410389e+00 4.544920917938328309e+00
4.984770564588000497e+00 3.840750794608126295e+00
4.049001900291230527e+00 3.813763070962781221e+00
4.000884071850991042e+00 4.685521804820201197e+00
3.398491236641845159e+00 3.614926880206772886e+00
4.615894038268203659e+00 4.456174193792901583e+00
3.837602590587113838e+00 4.382100190923556404e+00
4.152596363762409482e+00 4.670943202128625238e+00
4.033321703354512344e+00 4.458676625305179719e+00
5.181543645845117396e+00 4.267478073594264565e+00
4.022060226384530424e+00 4.323088113818779554e+00
3.836641434035330533e+00 5.067931623525500306e+00
4.080530216213428041e+00 3.877940508530206998e+00
3.626268515345207000e+00 4.490691786943467712e+00
4.387818000862999668e+00 3.777576363322281860e+00
4.257796878682985842e+00 3.325353261442608233e+00
4.082721355940161168e+00 4.202478796097663505e+00
4.763541102837238306e+00 3.655279351752730221e+00
3.428303324556489340e+00 3.599552442083516102e+00
3.402268395342177953e+00 4.597771342914868775e+00
5.692572547260219551e+00 5.143205207163187964e+00
5.546179703825781182e+00 5.059908009026639064e+00
4.957464778057815380e+00 4.851061048946221810e+00
4.861188928735242776e+00 4.307802100882607732e+00
5.118178322960829973e+00 4.981962126992605100e+00
5.333335449359318581e+00 5.041824979106038107e+00
4.927236692620134306e+00 4.610390632675784417e+00
5.032267908466019790e+00 5.330149726325227988e+00
4.488683258922092634e+00 5.039119451895441415e+00
5.104219976259423142e+00 4.678871666316176459e+00
4.737102668244773440e+00 5.103132306838035426e+00
4.493118711194132864e+00 5.156490642847384009e+00
4.599585351309256609e+00 5.475322621551793389e+00
6.045508351674661718e+00 4.615057855859884484e+00
5.238905018876924835e+00 4.674991139717223909e+00
5.465528858814797886e+00 4.434159237636444040e+00
5.214924932186127293e+00 4.609587465285619245e+00
4.907433677696237062e+00 4.538911479650039382e+00
5.367766310850373479e+00 4.625691006328243482e+00
5.246845921003258084e+00 4.846114683576355553e+00
4.948806399022422475e+00 5.066078450604770467e+00
4.659301649446871529e+00 5.094079033221567521e+00
5.684386422842798048e+00 4.652025433187982451e+00
5.524049427416817259e+00 5.669969629082050488e+00
4.635004392871540091e+00 4.349279798408682396e+00
5.135041019866219081e+00 4.755191913539701609e+00
5.835664764204682164e+00 5.015566405337440692e+00
4.641245518424649497e+00 4.486974670468478976e+00
5.487420315508244606e+00 4.744558761257856361e+00
5.019600834993144467e+00 5.427447982230482637e+00
4.783433081282129073e+00 4.979460003362010667e+00
4.992590381871553795e+00 5.305592011688363918e+00
5.264188898304806408e+00 4.901562146826616839e+00
5.028464725642055377e+00 4.833735371525160751e+00
4.339191642746207833e+00 5.115202605640889466e+00
5.846213880737552770e+00 4.604788785679416740e+00
4.654290604140286725e+00 4.610598702541536476e+00
5.324047294632477723e+00 5.200568792500622095e+00
4.929099788552170125e+00 4.589449394706941021e+00
5.041312157130040994e+00 4.300279712835362034e+00
6.064142310654554890e+00 6.389757554268278739e+00
5.440446735419609325e+00 5.314636991249606091e+00
6.706346098413731305e+00 5.726412772035396337e+00
6.508011320484968998e+00 5.931130150448279181e+00
5.927571604007131789e+00 6.196064119654737468e+00
5.604663692856572510e+00 6.059254523936161263e+00
5.829392747151342924e+00 5.409457379340715910e+00
6.150926572055178454e+00 5.882245168962918491e+00
5.929776361888477787e+00 5.458799573362133728e+00
6.711695880347159360e+00 6.392078503519555532e+00
6.431183619582991895e+00 5.863400976394640196e+00
5.226685902708169351e+00 6.873371204337500373e+00
5.972676363768607999e+00 5.665126550912236603e+00
6.186399330734636770e+00 6.521952283985698706e+00
5.989691477934745656e+00 6.571796197971130127e+00
6.484332296430362241e+00 5.518627699053411106e+00
5.698671904235729002e+00 6.428223637615174901e+00
4.786882782139975312e+00 5.933161382091746816e+00
5.360112833767905371e+00 5.786878661011740199e+00
5.866363593577632152e+00 5.839788243688337488e+00
5.753021259787411523e+00 5.509342443669551947e+00
7.024973878200848176e+00 6.835154397340555299e+00
5.480308366315579605e+00 6.707544120851181013e+00
5.821353601727481397e+00 6.057774394442229315e+00
5.971703024892979883e+00 5.704951438018602161e+00
6.439992144025165288e+00 6.056298167964202506e+00
5.786879724581501350e+00 5.416569864186699945e+00
5.600372160993837944e+00 5.265952496919449999e+00
6.005466537036515895e+00 5.464834877863408380e+00
5.881237728373771567e+00 6.612728176154250903e+00
6.536343074087826110e+00 5.985565334136796700e+00
5.961054526508393181e+00 6.840705456335432366e+00
6.232889216964228041e+00 5.853400494450507807e+00
5.362265310594482415e+00 6.176145458066594429e+00
6.370884866170371197e+00 5.717516850619223767e+00
6.130229831144773378e+00 5.837405079553283471e+00
5.917698209065730630e+00 4.887412152673446641e+00
5.900816341029079481e+00 6.433515131097191642e+00
5.717628192917217689e+00 6.023490505988125854e+00
5.661928566439572208e+00 6.161194418022923003e+00
6.903167882320699889e+00 6.579958413548679275e+00
7.595935133043267840e+00 7.415431025746757498e+00
6.729477471161436242e+00 7.222617699652570167e+00
7.240337954046135671e+00 7.287245844703411635e+00
6.242305729055038555e+00 7.450168130468977523e+00
6.745222878437386882e+00 6.839974483315411469e+00
8.179696582932013627e+00 7.135001879977971306e+00
6.827231336732824118e+00 6.013762374424007184e+00
7.621521415239034702e+00 6.398403946416370225e+00
6.551248480101452110e+00 6.851814746947745505e+00
7.633438610074825270e+00 7.345803434621133832e+00
6.929412919719577069e+00 7.137872402244019199e+00
6.731499355604379176e+00 7.062455028635355347e+00
7.032797189314493380e+00 7.433247068259777102e+00
7.432535205624820840e+00 7.220913401191843661e+00
6.837953245969179861e+00 7.331753015496237147e+00
6.958870451556719239e+00 6.516153185144732518e+00
6.819644216558270244e+00 7.037801616334954602e+00
7.407060873293522363e+00 6.917923706254064165e+00
6.459229896672620264e+00 7.025375652201890198e+00
7.050739083604877777e+00 7.083109114200786927e+00
7.411379048047977314e+00 7.455676325739069910e+00
6.734260819277028354e+00 6.724452268782154185e+00
6.534808994439181618e+00 7.312519868497845188e+00
7.647932049882347982e+00 6.859091078142792064e+00
6.892028969085750134e+00 7.655965101087412350e+00
7.226092345269523598e+00 7.195090538029537797e+00
6.467405947423242374e+00 7.303536420229193915e+00
6.584477596450957648e+00 6.492850755278496422e+00
6.844919036336968965e+00 6.738025529928798996e+00
6.900897603912374834e+00 6.355573422174704667e+00
7.428795687839397033e+00 7.504316642366716472e+00
6.129121970469702418e+00 7.437579633317136896e+00
6.637520577201816430e+00 7.383251111149578882e+00
6.969389797915290785e+00 7.012868823475202795e+00
6.917221814683745862e+00 7.542080659635759687e+00
6.445639387980035551e+00 7.271834463375595803e+00
7.492529822872817213e+00 7.320357023019206544e+00
8.039636959929424620e+00 6.763447816413823865e+00
7.428119731701502637e+00 6.952554825520088855e+00
