20 25
20.0335663038078 25.3323517052256
20.2619565883165 26.2657096304407
20.8481702123487 27.6213780014612
21.8962730417669 29.1401315407082
23.4330284277743 30.5312439100806
25.4010101564741 31.5255317976647
27.6642550030895 31.921299466739
30.0256723104959 31.6140488975165
32.2537016830162 30.6048298930983
34.1143503835291 28.9871394623025
35.4039485642001 26.9171106699098
35.9778493636059 24.5752087293091
35.7708885371304 22.1289902805718
34.8066186814131 19.7054447373621
33.1939705436153 17.3783845857002
31.1118286349025 15.1721356591675
28.7837717585103 13.0785130789704
26.4466629288016 11.0808414723796
24.31766757791 9.17737304242684
22.5645030137246 7.39716011290098
21.2832430870921 5.80397673962366
20.4868902055661 4.48750916428278
20.1063451395503 3.54473202466678
20.0035852640397 3.05714720909508
19.9950705918016 3.07065023074756
19.8818966185061 3.58393674263544
19.4822234215194 4.54883407283953
18.6611766066289 5.88246114942946
17.3537864897213 7.48766585754942
15.5775530120174 9.27573529878644
13.4327457233896 11.1846231392806
11.0903477738951 13.187126377257
8.76936657304859 15.2862754892194
6.70679587350982 17.4989218764822
5.12459562057911 19.8320982762878
4.19849846585695 22.2591836755977
4.0331904528546 24.7034974484628
4.64748623100164 27.0354335648248
5.97166194376258 29.085940110459
7.85733500670611 30.6748577934247
10.098449073308 31.6484501560698
12.460302658175 31.9174953139761
14.7123883084838 31.4863940851663
16.6602573878717 30.4652123688325
18.1717741898598 29.0601490469328
19.1939503580255 27.5427933133894
19.7579351916236 26.2035460267615
19.9714764629732 25.2985031196304
20.0000050634759 25.0009519772018
40 45
40.0335663038078 45.3323517052256
40.2619565883165 46.2657096304407
40.8481702123487 47.6213780014612
41.8962730417669 49.1401315407082
43.4330284277743 50.5312439100806
45.4010101564741 51.5255317976647
47.6642550030895 51.921299466739
50.0256723104959 51.6140488975165
52.2537016830162 50.6048298930983
54.1143503835291 48.9871394623025
55.4039485642001 46.9171106699098
55.9778493636059 44.5752087293091
55.7708885371304 42.1289902805718
54.8066186814131 39.7054447373621
53.1939705436153 37.3783845857002
51.1118286349025 35.1721356591675
48.7837717585103 33.0785130789704
46.4466629288016 31.0808414723796
44.31766757791 29.1773730424268
42.5645030137246 27.397160112901
41.2832430870921 25.8039767396237
40.4868902055661 24.4875091642828
40.1063451395503 23.5447320246668
40.0035852640397 23.0571472090951
39.9950705918016 23.0706502307476
39.8818966185061 23.5839367426354
39.4822234215194 24.5488340728395
38.6611766066289 25.8824611494295
37.3537864897213 27.4876658575494
35.5775530120173 29.2757352987864
33.4327457233896 31.1846231392806
31.0903477738951 33.1871263772571
28.7693665730486 35.2862754892194
26.7067958735098 37.4989218764822
25.1245956205791 39.8320982762878
24.1984984658569 42.2591836755977
24.0331904528546 44.7034974484628
24.6474862310016 47.0354335648248
25.9716619437626 49.085940110459
27.8573350067061 50.6748577934247
30.098449073308 51.6484501560698
32.460302658175 51.9174953139761
34.7123883084838 51.4863940851663
36.6602573878717 50.4652123688325
38.1717741898598 49.0601490469328
39.1939503580255 47.5427933133894
39.7579351916236 46.2035460267615
39.9714764629732 45.2985031196304
40.0000050634759 45.0009519772018
60 65
60.0335663038078 65.3323517052256
60.2619565883165 66.2657096304407
60.8481702123487 67.6213780014612
61.8962730417669 69.1401315407082
63.4330284277743 70.5312439100806
65.4010101564741 71.5255317976647
67.6642550030895 71.921299466739
70.0256723104958 71.6140488975165
72.2537016830162 70.6048298930983
74.1143503835291 68.9871394623025
75.4039485642001 66.9171106699098
75.9778493636059 64.5752087293091
75.7708885371304 62.1289902805718
74.8066186814131 59.7054447373621
73.1939705436153 57.3783845857002
71.1118286349025 55.1721356591675
68.7837717585103 53.0785130789704
66.4466629288016 51.0808414723796
64.31766757791 49.1773730424268
62.5645030137246 47.397160112901
61.2832430870921 45.8039767396237
60.4868902055661 44.4875091642828
60.1063451395503 43.5447320246668
60.0035852640397 43.0571472090951
59.9950705918016 43.0706502307476
59.8818966185061 43.5839367426354
59.4822234215194 44.5488340728395
58.6611766066289 45.8824611494295
57.3537864897213 47.4876658575494
55.5775530120173 49.2757352987864
53.4327457233896 51.1846231392806
51.0903477738951 53.1871263772571
48.7693665730486 55.2862754892194
46.7067958735098 57.4989218764822
45.1245956205791 59.8320982762878
44.1984984658569 62.2591836755977
44.0331904528546 64.7034974484628
44.6474862310016 67.0354335648248
45.9716619437626 69.0859401104589
47.8573350067061 70.6748577934247
50.098449073308 71.6484501560698
52.460302658175 71.9174953139761
54.7123883084838 71.4863940851664
56.6602573878717 70.4652123688325
58.1717741898598 69.0601490469328
59.1939503580255 67.5427933133894
59.7579351916236 66.2035460267615
59.9714764629732 65.2985031196304
60.0000050634759 65.0009519772018
80 85
80.0335663038078 85.3323517052256
80.2619565883165 86.2657096304407
80.8481702123487 87.6213780014612
81.8962730417669 89.1401315407082
83.4330284277743 90.5312439100806
85.4010101564741 91.5255317976647
87.6642550030895 91.921299466739
90.0256723104958 91.6140488975165
92.2537016830162 90.6048298930983
94.1143503835291 88.9871394623025
95.4039485642001 86.9171106699098
95.9778493636059 84.5752087293091
95.7708885371304 82.1289902805718
94.8066186814131 79.7054447373622
93.1939705436153 77.3783845857002
91.1118286349025 75.1721356591675
88.7837717585103 73.0785130789704
86.4466629288016 71.0808414723796
84.31766757791 69.1773730424268
82.5645030137246 67.397160112901
81.2832430870921 65.8039767396237
80.4868902055661 64.4875091642828
80.1063451395503 63.5447320246668
80.0035852640397 63.0571472090951
79.9950705918016 63.0706502307476
79.8818966185061 63.5839367426354
79.4822234215194 64.5488340728395
78.6611766066289 65.8824611494295
77.3537864897213 67.4876658575494
75.5775530120173 69.2757352987864
73.4327457233896 71.1846231392806
71.0903477738951 73.187126377257
68.7693665730486 75.2862754892194
66.7067958735098 77.4989218764822
65.1245956205791 79.8320982762878
64.1984984658569 82.2591836755977
64.0331904528546 84.7034974484628
64.6474862310016 87.0354335648248
65.9716619437626 89.0859401104589
67.8573350067061 90.6748577934247
70.098449073308 91.6484501560698
72.460302658175 91.9174953139761
74.7123883084838 91.4863940851664
76.6602573878717 90.4652123688325
78.1717741898598 89.0601490469328
79.1939503580255 87.5427933133894
79.7579351916236 86.2035460267615
79.9714764629732 85.2985031196304
80.000005063476 85.0009519772018
100 105
100.033566303808 105.332351705226
100.261956588317 106.265709630441
100.848170212349 107.621378001461
101.896273041767 109.140131540708
103.433028427774 110.531243910081
105.401010156474 111.525531797665
107.66425500309 111.921299466739
110.025672310496 111.614048897516
112.253701683016 110.604829893098
114.114350383529 108.987139462302
115.4039485642 106.91711066991
115.977849363606 104.575208729309
115.77088853713 102.128990280572
114.806618681413 99.7054447373622
113.193970543615 97.3783845857002
111.111828634902 95.1721356591675
108.78377175851 93.0785130789704
106.446662928802 91.0808414723796
104.31766757791 89.1773730424268
102.564503013725 87.397160112901
101.283243087092 85.8039767396237
100.486890205566 84.4875091642828
100.10634513955 83.5447320246668
100.00358526404 83.0571472090951
99.9950705918016 83.0706502307476
99.8818966185061 83.5839367426354
99.4822234215194 84.5488340728395
98.6611766066289 85.8824611494295
97.3537864897213 87.4876658575494
95.5775530120173 89.2757352987864
93.4327457233896 91.1846231392806
91.0903477738951 93.187126377257
88.7693665730486 95.2862754892194
86.7067958735098 97.4989218764822
85.1245956205791 99.8320982762878
84.1984984658569 102.259183675598
84.0331904528546 104.703497448463
84.6474862310016 107.035433564825
85.9716619437626 109.085940110459
87.8573350067061 110.674857793425
90.098449073308 111.64845015607
92.460302658175 111.917495313976
94.7123883084838 111.486394085166
96.6602573878717 110.465212368833
98.1717741898598 109.060149046933
99.1939503580255 107.542793313389
99.7579351916236 106.203546026762
99.9714764629732 105.29850311963
100.000005063476 105.000951977202
120 125
120.033566303808 125.332351705226
120.261956588317 126.265709630441
120.848170212349 127.621378001461
121.896273041767 129.140131540708
123.433028427774 130.531243910081
125.401010156474 131.525531797665
127.66425500309 131.921299466739
130.025672310496 131.614048897516
132.253701683016 130.604829893098
134.114350383529 128.987139462302
135.4039485642 126.91711066991
135.977849363606 124.575208729309
135.77088853713 122.128990280572
134.806618681413 119.705444737362
133.193970543615 117.3783845857
131.111828634902 115.172135659167
128.78377175851 113.07851307897
126.446662928802 111.08084147238
124.31766757791 109.177373042427
122.564503013725 107.397160112901
121.283243087092 105.803976739624
120.486890205566 104.487509164283
120.10634513955 103.544732024667
120.00358526404 103.057147209095
119.995070591802 103.070650230748
119.881896618506 103.583936742635
119.482223421519 104.54883407284
118.661176606629 105.882461149429
117.353786489721 107.487665857549
115.577553012017 109.275735298786
113.43274572339 111.184623139281
111.090347773895 113.187126377257
108.769366573049 115.286275489219
106.70679587351 117.498921876482
105.124595620579 119.832098276288
104.198498465857 122.259183675598
104.033190452855 124.703497448463
104.647486231002 127.035433564825
105.971661943763 129.085940110459
107.857335006706 130.674857793425
110.098449073308 131.64845015607
112.460302658175 131.917495313976
114.712388308484 131.486394085166
116.660257387872 130.465212368833
118.17177418986 129.060149046933
119.193950358026 127.542793313389
119.757935191624 126.203546026762
119.971476462973 125.29850311963
120.000005063476 125.000951977202
140 145
140.033566303808 145.332351705226
140.261956588317 146.265709630441
140.848170212349 147.621378001461
141.896273041767 149.140131540708
143.433028427774 150.531243910081
145.401010156474 151.525531797665
147.66425500309 151.921299466739
150.025672310496 151.614048897516
152.253701683016 150.604829893098
154.114350383529 148.987139462302
155.4039485642 146.91711066991
155.977849363606 144.575208729309
155.77088853713 142.128990280572
154.806618681413 139.705444737362
153.193970543615 137.3783845857
151.111828634902 135.172135659167
148.78377175851 133.07851307897
146.446662928802 131.08084147238
144.31766757791 129.177373042427
142.564503013725 127.397160112901
141.283243087092 125.803976739624
140.486890205566 124.487509164283
140.10634513955 123.544732024667
140.00358526404 123.057147209095
139.995070591802 123.070650230748
139.881896618506 123.583936742635
139.482223421519 124.54883407284
138.661176606629 125.882461149429
137.353786489721 127.487665857549
135.577553012017 129.275735298786
133.43274572339 131.184623139281
131.090347773895 133.187126377257
128.769366573049 135.286275489219
126.70679587351 137.498921876482
125.124595620579 139.832098276288
124.198498465857 142.259183675598
124.033190452855 144.703497448463
124.647486231002 147.035433564825
125.971661943763 149.085940110459
127.857335006706 150.674857793425
130.098449073308 151.64845015607
132.460302658175 151.917495313976
134.712388308484 151.486394085166
136.660257387872 150.465212368833
138.17177418986 149.060149046933
139.193950358026 147.542793313389
139.757935191624 146.203546026762
139.971476462973 145.29850311963
140.000005063476 145.000951977202
160 165
160.033566303808 165.332351705226
160.261956588317 166.265709630441
160.848170212349 167.621378001461
161.896273041767 169.140131540708
163.433028427774 170.531243910081
165.401010156474 171.525531797665
167.66425500309 171.921299466739
170.025672310496 171.614048897516
172.253701683016 170.604829893098
174.114350383529 168.987139462302
175.4039485642 166.91711066991
175.977849363606 164.575208729309
175.77088853713 162.128990280572
174.806618681413 159.705444737362
173.193970543615 157.3783845857
171.111828634902 155.172135659167
168.78377175851 153.07851307897
166.446662928802 151.08084147238
164.31766757791 149.177373042427
162.564503013725 147.397160112901
161.283243087092 145.803976739624
160.486890205566 144.487509164283
160.10634513955 143.544732024667
160.00358526404 143.057147209095
159.995070591802 143.070650230748
159.881896618506 143.583936742635
159.482223421519 144.54883407284
158.661176606629 145.882461149429
157.353786489721 147.487665857549
155.577553012017 149.275735298786
153.43274572339 151.184623139281
151.090347773895 153.187126377257
148.769366573049 155.286275489219
146.70679587351 157.498921876482
145.124595620579 159.832098276288
144.198498465857 162.259183675598
144.033190452855 164.703497448463
144.647486231002 167.035433564825
145.971661943763 169.085940110459
147.857335006706 170.674857793425
150.098449073308 171.64845015607
152.460302658175 171.917495313976
154.712388308484 171.486394085166
156.660257387872 170.465212368833
158.17177418986 169.060149046933
159.193950358026 167.542793313389
159.757935191624 166.203546026762
159.971476462973 165.29850311963
160.000005063476 165.000951977202
180 185
180.033566303808 185.332351705226
180.261956588317 186.265709630441
180.848170212349 187.621378001461
181.896273041767 189.140131540708
183.433028427774 190.531243910081
185.401010156474 191.525531797665
187.66425500309 191.921299466739
190.025672310496 191.614048897516
192.253701683016 190.604829893098
194.114350383529 188.987139462302
195.4039485642 186.91711066991
195.977849363606 184.575208729309
195.77088853713 182.128990280572
194.806618681413 179.705444737362
193.193970543615 177.3783845857
191.111828634902 175.172135659167
188.78377175851 173.07851307897
186.446662928802 171.08084147238
184.31766757791 169.177373042427
182.564503013725 167.397160112901
181.283243087092 165.803976739624
180.486890205566 164.487509164283
180.10634513955 163.544732024667
180.00358526404 163.057147209095
179.995070591802 163.070650230748
179.881896618506 163.583936742635
179.482223421519 164.54883407284
178.661176606629 165.882461149429
177.353786489721 167.487665857549
175.577553012017 169.275735298786
173.43274572339 171.184623139281
171.090347773895 173.187126377257
168.769366573049 175.286275489219
166.70679587351 177.498921876482
165.124595620579 179.832098276288
164.198498465857 182.259183675598
164.033190452855 184.703497448463
164.647486231002 187.035433564825
165.971661943763 189.085940110459
167.857335006706 190.674857793425
170.098449073308 191.64845015607
172.460302658175 191.917495313976
174.712388308484 191.486394085166
176.660257387872 190.465212368833
178.17177418986 189.060149046933
179.193950358026 187.542793313389
179.757935191624 186.203546026762
179.971476462973 185.29850311963
180.000005063476 185.000951977202
