20 25
20.0335663038078 25.3323517052256
20.2619565883165 26.2657096304407
20.8481702123487 27.6213780014612
21.8962730417669 29.1401315407082
23.4330284277743 30.5312439100806
25.4010101564741 31.5255317976647
27.6642550030895 31.921299466739
30.0256723104959 31.6140488975165
32.2537016830162 30.6048298930983
34.1143503835291 28.9871394623025
35.4039485642001 26.9171106699098
35.9778493636059 24.5752087293091
35.7708885371304 22.1289902805718
34.8066186814131 19.7054447373621
33.1939705436153 17.3783845857002
31.1118286349025 15.1721356591675
28.7837717585103 13.0785130789704
26.4466629288016 11.0808414723796
24.31766757791 9.17737304242684
22.5645030137246 7.39716011290098
21.2832430870921 5.80397673962366
20.4868902055661 4.48750916428278
20.1063451395503 3.54473202466678
20.0035852640397 3.05714720909508
19.9950705918016 3.07065023074756
19.8818966185061 3.58393674263544
19.4822234215194 4.54883407283953
18.6611766066289 5.88246114942946
17.3537864897213 7.48766585754942
15.5775530120174 9.27573529878644
13.4327457233896 11.1846231392806
11.0903477738951 13.187126377257
8.76936657304859 15.2862754892194
6.70679587350982 17.4989218764822
5.12459562057911 19.8320982762878
4.19849846585695 22.2591836755977
4.0331904528546 24.7034974484628
4.64748623100164 27.0354335648248
5.97166194376258 29.085940110459
7.85733500670611 30.6748577934247
10.098449073308 31.6484501560698
12.460302658175 31.9174953139761
14.7123883084838 31.4863940851663
16.6602573878717 30.4652123688325
18.1717741898598 29.0601490469328
19.1939503580255 27.5427933133894
19.7579351916236 26.2035460267615
19.9714764629732 25.2985031196304
20.0000050634759 25.0009519772018
40 45
40.0335663038078 45.3323517052256
40.2619565883165 46.2657096304407
40.8481702123487 47.6213780014612
41.8962730417669 49.1401315407082
43.4330284277743 50.5312439100806
45.4010101564741 51.5255317976647
47.6642550030895 51.921299466739
50.0256723104959 51.6140488975165
52.2537016830162 50.6048298930983
54.1143503835291 48.9871394623025
55.4039485642001 46.9171106699098
55.9778493636059 44.5752087293091
55.7708885371304 42.1289902805718
54.8066186814131 39.7054447373621
53.1939705436153 37.3783845857002
51.1118286349025 35.1721356591675
48.7837717585103 33.0785130789704
46.4466629288016 31.0808414723796
44.31766757791 29.1773730424268
42.5645030137246 27.397160112901
41.2832430870921 25.8039767396237
40.4868902055661 24.4875091642828
40.1063451395503 23.5447320246668
40.0035852640397 23.0571472090951
39.9950705918016 23.0706502307476
39.8818966185061 23.5839367426354
39.4822234215194 24.5488340728395
38.6611766066289 25.8824611494295
37.3537864897213 27.4876658575494
35.5775530120173 29.2757352987864
33.4327457233896 31.1846231392806
31.0903477738951 33.1871263772571
28.7693665730486 35.2862754892194
26.7067958735098 37.4989218764822
25.1245956205791 39.8320982762878
24.1984984658569 42.2591836755977
24.0331904528546 44.7034974484628
24.6474862310016 47.0354335648248
25.9716619437626 49.085940110459
27.8573350067061 50.6748577934247
30.098449073308 51.6484501560698
32.460302658175 51.9174953139761
34.7123883084838 51.4863940851663
36.6602573878717 50.4652123688325
38.1717741898598 49.0601490469328
39.1939503580255 47.5427933133894
39.7579351916236 46.2035460267615
39.9714764629732 45.2985031196304
40.0000050634759 45.0009519772018
60 65
60.0335663038078 65.3323517052256
60.2619565883165 66.2657096304407
60.8481702123487 67.6213780014612
61.8962730417669 69.1401315407082
63.4330284277743 70.5312439100806
65.4010101564741 71.5255317976647
67.6642550030895 71.921299466739
70.0256723104958 71.6140488975165
72.2537016830162 70.6048298930983
74.1143503835291 68.9871394623025
75.4039485642001 66.9171106699098
75.9778493636059 64.5752087293091
75.7708885371304 62.1289902805718
74.8066186814131 59.7054447373621
73.1939705436153 57.3783845857002
71.1118286349025 55.1721356591675
68.7837717585103 53.0785130789704
66.4466629288016 51.0808414723796
64.31766757791 49.1773730424268
62.5645030137246 47.397160112901
61.2832430870921 45.8039767396237
60.4868902055661 44.4875091642828
60.1063451395503 43.5447320246668
60.0035852640397 43.0571472090951
59.9950705918016 43.0706502307476
59.8818966185061 43.5839367426354
59.4822234215194 44.5488340728395
58.6611766066289 45.8824611494295
57.3537864897213 47.4876658575494
55.5775530120173 49.2757352987864
53.4327457233896 51.1846231392806
51.0903477738951 53.1871263772571
48.7693665730486 55.2862754892194
46.7067958735098 57.4989218764822
45.1245956205791 59.8320982762878
44.1984984658569 62.2591836755977
44.0331904528546 64.7034974484628
44.6474862310016 67.0354335648248
45.9716619437626 69.0859401104589
47.8573350067061 70.6748577934247
50.098449073308 71.6484501560698
52.460302658175 71.9174953139761
54.7123883084838 71.4863940851664
56.6602573878717 70.4652123688325
58.1717741898598 69.0601490469328
59.1939503580255 67.5427933133894
59.7579351916236 66.2035460267615
59.9714764629732 65.2985031196304
60.0000050634759 65.0009519772018
80 85
80.0335663038078 85.3323517052256
80.2619565883165 86.2657096304407
80.8481702123487 87.6213780014612
81.8962730417669 89.1401315407082
83.4330284277743 90.5312439100806
85.4010101564741 91.5255317976647
87.6642550030895 91.921299466739
90.0256723104958 91.6140488975165
92.2537016830162 90.6048298930983
94.1143503835291 88.9871394623025
95.4039485642001 86.9171106699098
95.9778493636059 84.5752087293091
95.7708885371304 82.1289902805718
94.8066186814131 79.7054447373622
93.1939705436153 77.3783845857002
91.1118286349025 75.1721356591675
88.7837717585103 73.0785130789704
86.4466629288016 71.0808414723796
84.31766757791 69.1773730424268
82.5645030137246 67.397160112901
81.2832430870921 65.8039767396237
80.4868902055661 64.4875091642828
80.1063451395503 63.5447320246668
80.0035852640397 63.0571472090951
79.9950705918016 63.0706502307476
79.8818966185061 63.5839367426354
79.4822234215194 64.5488340728395
78.6611766066289 65.8824611494295
77.3537864897213 67.4876658575494
75.5775530120173 69.2757352987864
73.4327457233896 71.1846231392806
71.0903477738951 73.187126377257
68.7693665730486 75.2862754892194
66.7067958735098 77.4989218764822
65.1245956205791 79.8320982762878
64.1984984658569 82.2591836755977
64.0331904528546 84.7034974484628
64.6474862310016 87.0354335648248
65.9716619437626 89.0859401104589
67.8573350067061 90.6748577934247
70.098449073308 91.6484501560698
72.460302658175 91.9174953139761
74.7123883084838 91.4863940851664
76.6602573878717 90.4652123688325
78.1717741898598 89.0601490469328
79.1939503580255 87.5427933133894
79.7579351916236 86.2035460267615
79.9714764629732 85.2985031196304
80.000005063476 85.0009519772018
100 105
100.033566303808 105.332351705226
100.261956588317 106.265709630441
100.848170212349 107.621378001461
101.896273041767 109.140131540708
103.433028427774 110.531243910081
105.401010156474 111.525531797665
107.66425500309 111.921299466739
110.025672310496 111.614048897516
112.253701683016 110.604829893098
114.114350383529 108.987139462302
115.4039485642 106.91711066991
115.977849363606 104.575208729309
115.77088853713 102.128990280572
114.806618681413 99.7054447373622
113.193970543615 97.3783845857002
111.111828634902 95.1721356591675
108.78377175851 93.0785130789704
106.446662928802 91.0808414723796
104.31766757791 89.1773730424268
102.564503013725 87.397160112901
101.283243087092 85.8039767396237
100.486890205566 84.4875091642828
100.10634513955 83.5447320246668
100.00358526404 83.0571472090951
99.9950705918016 83.0706502307476
99.8818966185061 83.5839367426354
99.4822234215194 84.5488340728395
98.6611766066289 85.8824611494295
97.3537864897213 87.4876658575494
95.5775530120173 89.2757352987864
93.4327457233896 91.1846231392806
91.0903477738951 93.187126377257
88.7693665730486 95.2862754892194
86.7067958735098 97.4989218764822
85.1245956205791 99.8320982762878
84.1984984658569 102.259183675598
84.0331904528546 104.703497448463
84.6474862310016 107.035433564825
85.9716619437626 109.085940110459
87.8573350067061 110.674857793425
90.098449073308 111.64845015607
92.460302658175 111.917495313976
94.7123883084838 111.486394085166
96.6602573878717 110.465212368833
98.1717741898598 109.060149046933
99.1939503580255 107.542793313389
99.7579351916236 106.203546026762
99.9714764629732 105.29850311963
100.000005063476 105.000951977202
